-3.0 -0.1411200080598672
-2.99 -0.15101271208634384
-2.9800000000000004 -0.16089031496745532
-2.9700000000000006 -0.17075182895114488
-2.960000000000001 -0.18059626789423205
-2.950000000000001 -0.19042264736102618
-2.9400000000000013 -0.20022998472176923
-2.9300000000000015 -0.21001729925089785
-2.9200000000000017 -0.21978361222511522
-2.910000000000002 -0.22952794702126247
-2.900000000000002 -0.23924932921398026
-2.8900000000000023 -0.24894678667315043
-2.8800000000000026 -0.2586193496611082
-2.8700000000000028 -0.26826605092961536
-2.860000000000003 -0.2778859258165838
-2.850000000000003 -0.28747801234254144
-2.8400000000000034 -0.297041351306829
-2.8300000000000036 -0.30657498638351954
-2.820000000000004 -0.31607796421705003
-2.810000000000004 -0.32554933451755624
-2.8000000000000043 -0.3349881501559009
-2.7900000000000045 -0.3443934672583858
-2.7800000000000047 -0.35376434530113854
-2.770000000000005 -0.3630998472041638
-2.760000000000005 -0.37239903942505076
-2.7500000000000053 -0.3816609920523268
-2.7400000000000055 -0.3908847788984473
-2.7300000000000058 -0.40006947759241424
-2.720000000000006 -0.409214169672012
-2.710000000000006 -0.4183179406756533
-2.7000000000000064 -0.42737988023382417
-2.6900000000000066 -0.4363990821601203
-2.680000000000007 -0.44537464454186515
-2.670000000000007 -0.45430566983030013
-2.6600000000000072 -0.46319126493033885
-2.6500000000000075 -0.472030541289876
-2.6400000000000077 -0.4808226149886416
-2.630000000000008 -0.48956660682659253
-2.620000000000008 -0.49826164241183163
-2.6100000000000083 -0.5069068522480462
-2.6000000000000085 -0.5155013718214569
-2.5900000000000087 -0.5240443416872685
-2.580000000000009 -0.5325349075556136
-2.570000000000009 -0.5409722203769808
-2.5600000000000094 -0.5493554364271188
-2.5500000000000096 -0.5576837173914089
-2.54000000000001 -0.5659562304486947
-2.53000000000001 -0.5741721483545643
-2.5200000000000102 -0.5823306495240735
-2.5100000000000104 -0.5904309181139044
-2.5000000000000107 -0.598472144103948
-2.490000000000011 -0.6064535233783063
-2.480000000000011 -0.614374257805703
-2.4700000000000113 -0.6222335553192959
-2.4600000000000115 -0.6300306299958832
-2.4500000000000117 -0.6377647021344948
-2.440000000000012 -0.6454349983343616
-2.430000000000012 -0.6530407515722557
-2.4200000000000124 -0.6605812012791914
-2.4100000000000126 -0.6680555934164817
-2.400000000000013 -0.6754631805511415
-2.390000000000013 -0.6828032219306303
-2.380000000000013 -0.6900749835569268
-2.3700000000000134 -0.6972777382599282
-2.3600000000000136 -0.7044107657701665
-2.350000000000014 -0.7114733527908347
-2.340000000000014 -0.7184647930691164
-2.3300000000000143 -0.7253843874668098
-2.3200000000000145 -0.7322314440302414
-2.3100000000000147 -0.7390052780594609
-2.300000000000015 -0.7457052121767103
-2.290000000000015 -0.7523305763941608
-2.2800000000000153 -0.7588807081809119
-2.2700000000000156 -0.7653549525292435
-2.2600000000000158 -0.7717526620201158
-2.250000000000016 -0.7780731968879112
-2.240000000000016 -0.78431592508441
-2.2300000000000164 -0.7904802223419947
-2.2200000000000166 -0.7965654722360765
-2.210000000000017 -0.8025710662467372
-2.200000000000017 -0.8084964038195801
-2.1900000000000173 -0.8143408924257859
-2.1800000000000175 -0.8201039476213642
-2.1700000000000177 -0.825784993105598
-2.160000000000018 -0.8313834607786732
-2.150000000000018 -0.8368987907984878
-2.1400000000000183 -0.8423304316366358
-2.1300000000000185 -0.84767784013356
-2.1200000000000188 -0.8529404815528665
-2.110000000000019 -0.8581178296347991
-2.100000000000019 -0.863209366648864
-2.0900000000000194 -0.8682145834456029
-2.0800000000000196 -0.8731329795075069
-2.07000000000002 -0.8779640629990686
-2.06000000000002 -0.8827073508159646
-2.0500000000000203 -0.887362368633366
-2.0400000000000205 -0.8919286509533704
-2.0300000000000207 -0.8964057411515507
-2.020000000000021 -0.9007931915226183
-2.010000000000021 -0.905090563325192
-2.0000000000000213 -0.9092974268256728
-1.9900000000000213 -0.9134133613412165
-1.9800000000000213 -0.9174379552818014
-1.9700000000000213 -0.9213708061913871
-1.9600000000000213 -0.9252115207881602
-1.9500000000000213 -0.9289597150038614
-1.9400000000000213 -0.9326150140221928
-1.9300000000000213 -0.9361770523162986
-1.9200000000000212 -0.9396454736853177
-1.9100000000000212 -0.9430199312900035
-1.9000000000000212 -0.9463000876874076
-1.8900000000000212 -0.9494856148646238
-1.8800000000000212 -0.9525761942715889
-1.8700000000000212 -0.9555715168529377
-1.8600000000000212 -0.9584712830789082
-1.8500000000000212 -0.9612752029752941
-1.8400000000000212 -0.9639829961524425
-1.8300000000000212 -0.9665943918332922
-1.8200000000000212 -0.9691091288804512
-1.8100000000000211 -0.9715269558223103
-1.8000000000000211 -0.9738476308781904
-1.7900000000000211 -0.9760709219825195
-1.7800000000000211 -0.9781966068080403
-1.7700000000000211 -0.9802244727880413
-1.760000000000021 -0.9821543171376145
-1.750000000000021 -0.9839859468739331
-1.740000000000021 -0.9857191788355499
-1.730000000000021 -0.9873538397007131
-1.720000000000021 -0.9888897660046984
-1.710000000000021 -0.9903268041561551
-1.700000000000021 -0.9916648104524659
-1.690000000000021 -0.992903651094116
-1.680000000000021 -0.9940432021980736
-1.670000000000021 -0.9950833498101781
-1.660000000000021 -0.9960239899165348
-1.650000000000021 -0.9968650284539172
-1.640000000000021 -0.9976063813191722
-1.630000000000021 -0.9982479743776312
-1.620000000000021 -0.998789743470523
-1.610000000000021 -0.9992316344213897
-1.600000000000021 -0.9995736030415046
-1.590000000000021 -0.9998156151342905
-1.580000000000021 -0.9999576464987399
-1.570000000000021 -0.9999996829318346
-1.560000000000021 -0.9999417202299665
-1.550000000000021 -0.9997837641893574
-1.540000000000021 -0.9995258306054797
-1.530000000000021 -0.9991679452714769
-1.520000000000021 -0.9987101439755841
-1.5100000000000209 -0.9981524724975493
-1.5000000000000209 -0.9974949866040559
-1.4900000000000209 -0.9967377520431451
-1.4800000000000209 -0.9958808445376419
-1.4700000000000208 -0.994924349777583
-1.4600000000000208 -0.9938683634116472
-1.4500000000000208 -0.992712991037591
-1.4400000000000208 -0.9914583481916892
-1.4300000000000208 -0.9901045603371808
-1.4200000000000208 -0.988651762851723
-1.4100000000000208 -0.9871001010138537
-1.4000000000000208 -0.9854497299884637
-1.3900000000000208 -0.9837008148112802
-1.3800000000000208 -0.9818535303723637
-1.3700000000000208 -0.9799080613986184
-1.3600000000000207 -0.9778646024353205
-1.3500000000000207 -0.9757233578266636
-1.3400000000000207 -0.9734845416953242
-1.3300000000000207 -0.9711483779210495
-1.3200000000000207 -0.9687151001182704
-1.3100000000000207 -0.9661849516127393
-1.3000000000000207 -0.9635581854171985
-1.2900000000000207 -0.9608350642060783
-1.2800000000000207 -0.9580158602892309
-1.2700000000000207 -0.9551008555846984
-1.2600000000000207 -0.9520903415905221
-1.2500000000000207 -0.9489846193555928
-1.2400000000000206 -0.9457839994495457
-1.2300000000000206 -0.9424888019317044
-1.2200000000000206 -0.9390993563190747
-1.2100000000000206 -0.9356160015533932
-1.2000000000000206 -0.9320390859672338
-1.1900000000000206 -0.9283689672491744
-1.1800000000000206 -0.9246060124080282
-1.1700000000000206 -0.9207505977361436
-1.1600000000000206 -0.9168031087717752
-1.1500000000000206 -0.9127639402605294
-1.1400000000000206 -0.9086334961158918
-1.1300000000000205 -0.9044121893788347
-1.1200000000000205 -0.900100442176514
-1.1100000000000205 -0.8956986856800567
-1.1000000000000205 -0.8912073600614446
-1.0900000000000205 -0.8866269144494967
-1.0800000000000205 -0.8819578068849572
-1.0700000000000205 -0.8772005042746914
-1.0600000000000205 -0.8723554823449963
-1.0500000000000205 -0.8674232255940271
-1.0400000000000205 -0.8624042272433488
-1.0300000000000205 -0.8572989891886139
-1.0200000000000204 -0.8521080219493736
-1.0100000000000204 -0.8468318446180261
-1.0000000000000204 -0.8414709848079075
-0.9900000000000204 -0.8360259786005317
-0.9800000000000204 -0.8304973704919818
-0.9700000000000204 -0.8248857133384616
-0.9600000000000204 -0.8191915683010099
-0.9500000000000204 -0.8134155047893856
-0.9400000000000204 -0.8075581004051263
-0.9300000000000204 -0.8016199408837893
-0.9200000000000204 -0.7956016200363784
-0.9100000000000203 -0.7895037396899629
-0.9000000000000203 -0.7833269096274961
-0.8900000000000203 -0.7770717475268366
-0.8800000000000203 -0.7707388788989823
-0.8700000000000203 -0.7643289370255182
-0.8600000000000203 -0.7578425628952902
-0.8500000000000203 -0.7512804051403061
-0.8400000000000203 -0.7446431199708728
-0.8300000000000203 -0.7379313711099764
-0.8200000000000203 -0.7311458297269097
-0.8100000000000203 -0.7242871743701564
-0.8000000000000203 -0.7173560908995369
-0.7900000000000202 -0.710353272417622
-0.7800000000000202 -0.7032794192004246
-0.7700000000000202 -0.6961352386273713
-0.7600000000000202 -0.688921445110566
-0.7500000000000202 -0.681638760023349
-0.7400000000000202 -0.6742879116281599
-0.7300000000000202 -0.6668696350037129
-0.7200000000000202 -0.6593846719714883
-0.7100000000000202 -0.6518337710215519
-0.7000000000000202 -0.6442176872377064
-0.6900000000000202 -0.6365371822219835
-0.6800000000000201 -0.6287930240184841
-0.6700000000000201 -0.6209859870365755
-0.6600000000000201 -0.6131168519734497
-0.6500000000000201 -0.6051864057360555
-0.6400000000000201 -0.5971954413624082
-0.6300000000000201 -0.5891447579422857
-0.6200000000000201 -0.5810351605373214
-0.6100000000000201 -0.5728674601004977
-0.6000000000000201 -0.5646424733950519
-0.5900000000000201 -0.5563610229128004
-0.58000000000002 -0.5480239367918903
-0.57000000000002 -0.5396320487339861
-0.56000000000002 -0.5311861979209004
-0.55000000000002 -0.5226872289306762
-0.54000000000002 -0.5141359916531303
-0.53000000000002 -0.5055333412048643
-0.52000000000002 -0.49688013784375407
-0.51000000000002 -0.48817724688292496
-0.50000000000002 -0.47942553860422055
-0.49000000000002 -0.4706258881711757
-0.48000000000001997 -0.4617791755415006
-0.47000000000001996 -0.4528862853790861
-0.46000000000001995 -0.44394810696553766
-0.45000000000001994 -0.43496553411124816
-0.44000000000001993 -0.42593946506601765
-0.4300000000000199 -0.41687080242922886
-0.4200000000000199 -0.40776045305958836
-0.4100000000000199 -0.39860932798444115
-0.4000000000000199 -0.38941834230866884
-0.3900000000000199 -0.3801884151231798
-0.3800000000000199 -0.3709204694130011
-0.37000000000001987 -0.3616154319649805
-0.36000000000001986 -0.35227423327510854
-0.35000000000001985 -0.34289780745547
-0.34000000000001984 -0.3334870921408331
-0.33000000000001983 -0.32404302839488713
-0.3200000000000198 -0.3145665606161366
-0.3100000000000198 -0.30505863644346237
-0.3000000000000198 -0.2955202066613585
-0.2900000000000198 -0.2859522251048545
-0.2800000000000198 -0.27635564856413275
-0.2700000000000198 -0.2667314366888502
-0.26000000000001977 -0.2570805518921742
-0.25000000000001976 -0.2474039592545421
-0.24000000000001975 -0.23770262642715378
-0.23000000000001974 -0.22797752353520762
-0.22000000000001974 -0.21822962308088859
-0.21000000000001973 -0.20845989984611887
-0.20000000000001972 -0.19866933079508053
-0.1900000000000197 -0.18885889497651992
-0.1800000000000197 -0.17902957342584355
-0.1700000000000197 -0.16918234906701543
-0.16000000000001968 -0.1593182066142654
-0.15000000000001967 -0.14943813247361867
-0.14000000000001966 -0.13954311464425595
-0.13000000000001966 -0.12963414261971434
-0.12000000000001966 -0.11971220728893887
-0.11000000000001967 -0.10977830083719435
-0.10000000000001967 -0.09983341664684772
-0.09000000000001968 -0.08987854919803065
-0.08000000000001968 -0.0799146939691923
-0.07000000000001969 -0.0699428473375524
-0.06000000000001968 -0.059964006479464246
-0.05000000000001968 -0.04997916927069799
-0.04000000000001968 -0.039989334186653826
-0.030000000000019678 -0.02999550020251533
-0.020000000000019676 -0.019998666693352752
-0.010000000000019675 -0.00999983333418634
-1.9675233664528946E-14 -1.9675233664528946E-14
0.009999999999980325 0.009999833334146991
0.019999999999980325 0.01999866669331341
0.029999999999980327 0.029995500202475996
0.03999999999998033 0.0399893341866145
0.04999999999998033 0.04997916927065869
0.05999999999998033 0.059964006479424965
0.06999999999998033 0.06994284733751314
0.07999999999998032 0.07991469396915307
0.08999999999998032 0.08987854919799144
0.09999999999998031 0.09983341664680856
0.10999999999998031 0.10977830083715523
0.1199999999999803 0.11971220728889981
0.1299999999999803 0.12963414261967532
0.1399999999999803 0.13954311464421698
0.14999999999998032 0.14943813247357976
0.15999999999998032 0.15931820661422655
0.16999999999998033 0.16918234906697663
0.17999999999998034 0.17902957342580483
0.18999999999998035 0.18885889497648128
0.19999999999998036 0.19866933079504195
0.20999999999998037 0.20845989984608038
0.21999999999998038 0.21822962308085017
0.2299999999999804 0.22797752353516929
0.2399999999999804 0.23770262642711554
0.2499999999999804 0.24740395925450395
0.2599999999999804 0.2570805518921362
0.2699999999999804 0.2667314366888123
0.27999999999998043 0.27635564856409495
0.28999999999998044 0.28595222510481677
0.29999999999998045 0.2955202066613209
0.30999999999998046 0.3050586364434249
0.31999999999998047 0.3145665606160992
0.3299999999999805 0.3240430283948499
0.3399999999999805 0.33348709214079597
0.3499999999999805 0.342897807455433
0.3599999999999805 0.35227423327507174
0.3699999999999805 0.36161543196494383
0.3799999999999805 0.3709204694129646
0.38999999999998053 0.38018841512314344
0.39999999999998054 0.3894183423086326
0.40999999999998055 0.39860932798440507
0.41999999999998056 0.40776045305955244
0.42999999999998056 0.4168708024291931
0.4399999999999806 0.425939465065982
0.4499999999999806 0.43496553411121275
0.4599999999999806 0.44394810696550235
0.4699999999999806 0.452886285379051
0.4799999999999806 0.4617791755414657
0.4899999999999806 0.4706258881711409
0.4999999999999806 0.479425538604186
0.5099999999999806 0.48817724688289055
0.5199999999999806 0.49688013784371987
0.5299999999999806 0.5055333412048302
0.5399999999999806 0.5141359916530964
0.5499999999999806 0.5226872289306427
0.5599999999999806 0.531186197920867
0.5699999999999806 0.539632048733953
0.5799999999999806 0.5480239367918573
0.5899999999999807 0.5563610229127677
0.5999999999999807 0.5646424733950194
0.6099999999999807 0.5728674601004654
0.6199999999999807 0.5810351605372893
0.6299999999999807 0.589144757942254
0.6399999999999807 0.5971954413623766
0.6499999999999807 0.6051864057360242
0.6599999999999807 0.6131168519734186
0.6699999999999807 0.6209859870365446
0.6799999999999807 0.6287930240184535
0.6899999999999807 0.6365371822219531
0.6999999999999807 0.6442176872376764
0.7099999999999808 0.6518337710215221
0.7199999999999808 0.6593846719714587
0.7299999999999808 0.6668696350036836
0.7399999999999808 0.6742879116281308
0.7499999999999808 0.6816387600233201
0.7599999999999808 0.6889214451105374
0.7699999999999808 0.696135238627343
0.7799999999999808 0.7032794192003965
0.7899999999999808 0.7103532724175943
0.7999999999999808 0.7173560908995094
0.8099999999999808 0.7242871743701293
0.8199999999999809 0.7311458297268828
0.8299999999999809 0.7379313711099498
0.8399999999999809 0.7446431199708465
0.8499999999999809 0.75128040514028
0.8599999999999809 0.7578425628952645
0.8699999999999809 0.7643289370254928
0.8799999999999809 0.7707388788989571
0.8899999999999809 0.7770717475268119
0.8999999999999809 0.7833269096274715
0.9099999999999809 0.7895037396899387
0.9199999999999809 0.7956016200363545
0.929999999999981 0.8016199408837658
0.939999999999981 0.807558100405103
0.949999999999981 0.8134155047893626
0.959999999999981 0.8191915683009874
0.969999999999981 0.8248857133384393
0.979999999999981 0.8304973704919599
0.989999999999981 0.8360259786005101
0.999999999999981 0.8414709848078863
1.009999999999981 0.8468318446180051
1.019999999999981 0.852108021949353
1.029999999999981 0.8572989891885936
1.039999999999981 0.8624042272433288
1.049999999999981 0.8674232255940074
1.059999999999981 0.872355482344977
1.069999999999981 0.8772005042746724
1.079999999999981 0.8819578068849385
1.089999999999981 0.8866269144494784
1.099999999999981 0.8912073600614268
1.109999999999981 0.8956986856800392
1.119999999999981 0.9001004421764968
1.129999999999981 0.9044121893788178
1.139999999999981 0.9086334961158753
1.149999999999981 0.9127639402605133
1.159999999999981 0.9168031087717594
1.169999999999981 0.9207505977361282
1.179999999999981 0.9246060124080131
1.189999999999981 0.9283689672491596
1.199999999999981 0.9320390859672195
1.209999999999981 0.9356160015533792
1.219999999999981 0.939099356319061
1.229999999999981 0.9424888019316912
1.2399999999999811 0.9457839994495328
1.2499999999999811 0.9489846193555803
1.2599999999999811 0.95209034159051
1.2699999999999811 0.9551008555846866
1.2799999999999812 0.9580158602892196
1.2899999999999812 0.9608350642060675
1.2999999999999812 0.963558185417188
1.3099999999999812 0.9661849516127292
1.3199999999999812 0.9687151001182606
1.3299999999999812 0.97114837792104
1.3399999999999812 0.9734845416953151
1.3499999999999812 0.975723357826655
1.3599999999999812 0.9778646024353123
1.3699999999999812 0.9799080613986105
1.3799999999999812 0.9818535303723561
1.3899999999999813 0.9837008148112731
1.3999999999999813 0.985449729988457
1.4099999999999813 0.9871001010138474
1.4199999999999813 0.988651762851717
1.4299999999999813 0.9901045603371752
1.4399999999999813 0.991458348191684
1.4499999999999813 0.9927129910375863
1.4599999999999813 0.9938683634116428
1.4699999999999813 0.994924349777579
1.4799999999999813 0.9958808445376384
1.4899999999999813 0.9967377520431419
1.4999999999999813 0.9974949866040531
1.5099999999999814 0.998152472497547
1.5199999999999814 0.9987101439755821
1.5299999999999814 0.9991679452714752
1.5399999999999814 0.9995258306054785
1.5499999999999814 0.9997837641893565
1.5599999999999814 0.9999417202299661
1.5699999999999814 0.9999996829318346
1.5799999999999814 0.9999576464987402
1.5899999999999814 0.9998156151342912
1.5999999999999814 0.9995736030415057
1.6099999999999814 0.9992316344213913
1.6199999999999815 0.998789743470525
1.6299999999999815 0.9982479743776336
1.6399999999999815 0.997606381319175
1.6499999999999815 0.9968650284539203
1.6599999999999815 0.9960239899165384
1.6699999999999815 0.995083349810182
1.6799999999999815 0.994043202198078
1.6899999999999815 0.9929036510941207
1.6999999999999815 0.991664810452471
1.7099999999999815 0.9903268041561606
1.7199999999999815 0.9888897660047042
1.7299999999999816 0.9873538397007193
1.7399999999999816 0.9857191788355566
1.7499999999999816 0.9839859468739401
1.7599999999999816 0.9821543171376219
1.7699999999999816 0.9802244727880491
1.7799999999999816 0.9781966068080485
1.7899999999999816 0.9760709219825282
1.7999999999999816 0.9738476308781994
1.8099999999999816 0.9715269558223197
1.8199999999999816 0.9691091288804609
1.8299999999999816 0.9665943918333023
1.8399999999999817 0.963982996152453
1.8499999999999817 0.961275202975305
1.8599999999999817 0.9584712830789194
1.8699999999999817 0.9555715168529494
1.8799999999999817 0.9525761942716009
1.8899999999999817 0.9494856148646362
1.8999999999999817 0.9463000876874204
1.9099999999999817 0.9430199312900166
1.9199999999999817 0.9396454736853311
1.9299999999999817 0.9361770523163124
1.9399999999999817 0.932615014022207
1.9499999999999817 0.9289597150038761
1.9599999999999818 0.9252115207881751
1.9699999999999818 0.9213708061914024
1.9799999999999818 0.917437955281817
1.9899999999999818 0.9134133613412326
1.9999999999999818 0.9092974268256893
2.0099999999999816 0.9050905633252088
2.0199999999999814 0.9007931915226354
2.029999999999981 0.8964057411515682
2.039999999999981 0.8919286509533882
2.0499999999999807 0.8873623686333844
2.0599999999999805 0.8827073508159832
2.0699999999999803 0.8779640629990875
2.07999999999998 0.8731329795075262
2.08999999999998 0.8682145834456225
2.0999999999999797 0.863209366648884
2.1099999999999794 0.8581178296348194
2.1199999999999792 0.8529404815528872
2.129999999999979 0.8476778401335808
2.139999999999979 0.8423304316366571
2.1499999999999786 0.8368987907985095
2.1599999999999784 0.8313834607786952
2.169999999999978 0.8257849931056204
2.179999999999978 0.8201039476213868
2.1899999999999777 0.8143408924258089
2.1999999999999775 0.8084964038196034
2.2099999999999773 0.8025710662467608
2.219999999999977 0.7965654722361005
2.229999999999977 0.7904802223420189
2.2399999999999767 0.7843159250844345
2.2499999999999765 0.7780731968879361
2.2599999999999763 0.7717526620201409
2.269999999999976 0.765354952529269
2.279999999999976 0.7588807081809377
2.2899999999999756 0.7523305763941868
2.2999999999999754 0.7457052121767366
2.309999999999975 0.7390052780594876
2.319999999999975 0.7322314440302684
2.3299999999999748 0.725384387466837
2.3399999999999745 0.7184647930691438
2.3499999999999743 0.7114733527908624
2.359999999999974 0.7044107657701945
2.369999999999974 0.6972777382599565
2.3799999999999737 0.6900749835569554
2.3899999999999735 0.6828032219306591
2.3999999999999733 0.6754631805511706
2.409999999999973 0.6680555934165111
2.419999999999973 0.660581201279221
2.4299999999999726 0.6530407515722856
2.4399999999999724 0.6454349983343918
2.449999999999972 0.6377647021345252
2.459999999999972 0.630030629995914
2.4699999999999718 0.6222335553193269
2.4799999999999716 0.6143742578057342
2.4899999999999713 0.6064535233783377
2.499999999999971 0.5984721441039796
2.509999999999971 0.5904309181139363
2.5199999999999707 0.5823306495241057
2.5299999999999705 0.5741721483545966
2.5399999999999703 0.5659562304487273
2.54999999999997 0.5576837173914417
2.55999999999997 0.5493554364271519
2.5699999999999696 0.540972220377014
2.5799999999999694 0.532534907555647
2.589999999999969 0.5240443416873022
2.599999999999969 0.5155013718214908
2.609999999999969 0.5069068522480803
2.6199999999999686 0.49826164241186593
2.6299999999999684 0.489566606826627
2.639999999999968 0.4808226149886763
2.649999999999968 0.47203054128991084
2.6599999999999677 0.4631912649303739
2.6699999999999675 0.4543056698303353
2.6799999999999673 0.44537464454190057
2.689999999999967 0.4363990821601559
2.699999999999967 0.42737988023385987
2.7099999999999667 0.4183179406756892
2.7199999999999664 0.4092141696720481
2.7299999999999662 0.4000694775924505
2.739999999999966 0.39088477889848366
2.749999999999966 0.3816609920523633
2.7599999999999656 0.37239903942508745
2.7699999999999654 0.3630998472042006
2.779999999999965 0.3537643453011755
2.789999999999965 0.34439346725842296
2.7999999999999647 0.33498815015593814
2.8099999999999645 0.3255493345175936
2.8199999999999643 0.3160779642170875
2.829999999999964 0.3065749863835572
2.839999999999964 0.29704135130686676
2.8499999999999637 0.2874780123425793
2.8599999999999635 0.27788592581662175
2.8699999999999632 0.26826605092965344
2.879999999999963 0.2586193496611464
2.889999999999963 0.2489467866731887
2.8999999999999626 0.23924932921401865
2.9099999999999624 0.22952794702130094
2.919999999999962 0.21978361222515377
2.929999999999962 0.21001729925093648
2.9399999999999618 0.20022998472180795
2.9499999999999615 0.19042264736106498
2.9599999999999613 0.1805962678942709
2.969999999999961 0.17075182895118382
2.979999999999961 0.16089031496749434
2.9899999999999607 0.15101271208638292
2.9999999999999605 0.14112000805990635
3.0099999999999603 0.13121319215022342
3.01999999999996 0.12129325503066943
3.02999999999996 0.11136118868668973
3.0399999999999596 0.10141798631664206
3.0499999999999594 0.09146464223247744
3.059999999999959 0.08150215176030985
3.069999999999959 0.07153151114088445
3.0799999999999588 0.061553717429954365
3.0899999999999586 0.05156976839857588
3.0999999999999583 0.0415806624333322
3.109999999999958 0.03158739843649562
3.119999999999958 0.021590975726138138
3.1299999999999577 0.011592393936200462
3.1399999999999575 0.0015926529165294608
3.1499999999999573 -0.008407247367105986
3.159999999999957 -0.01840630693301074
3.169999999999957 -0.02840352588356073
3.1799999999999566 -0.03839790450519189
3.1899999999999564 -0.04838844336837068
3.199999999999956 -0.0583741434275362
3.209999999999956 -0.06835400612100392
3.219999999999956 -0.07832703347082103
3.2299999999999556 -0.08829222818256335
3.2399999999999554 -0.09824859374506405
3.249999999999955 -0.10819513453006378
3.259999999999955 -0.11813085589177283
3.2699999999999547 -0.12805476426633475
3.2799999999999545 -0.13796586727118199
3.2899999999999543 -0.14786317380427327
3.299999999999954 -0.15774569414320302
3.309999999999954 -0.16761244004417278
3.3199999999999537 -0.1774624248408147
3.3299999999999534 -0.18729466354285737
3.3399999999999532 -0.19710817293462413
3.349999999999953 -0.2069019716733537
3.359999999999953 -0.21667508038733366
3.3699999999999526 -0.22642652177383688
3.3799999999999524 -0.23615532069685083
3.389999999999952 -0.24586050428459053
3.399999999999952 -0.25554110202678487
3.4099999999999517 -0.26519614587172674
3.4199999999999515 -0.27482467032307745
3.4299999999999513 -0.2844257125364157
3.439999999999951 -0.29399831241552093
3.449999999999951 -0.30354151270838237
3.4599999999999507 -0.3130543591029234
3.4699999999999505 -0.3225359003224319
3.4799999999999502 -0.3319851882206872
3.48999999999995 -0.3414012778767738
3.49999999999995 -0.3507832276895729
3.5099999999999496 -0.3601300994719213
3.5199999999999494 -0.36944095854443004
3.529999999999949 -0.37871487382895075
3.539999999999949 -0.38795091794168324
3.5499999999999488 -0.3971481672859129
3.5599999999999485 -0.40630570214436973
3.5699999999999483 -0.415422606771199
3.579999999999948 -0.4244979694835356
3.589999999999948 -0.4335308827526709
3.5999999999999477 -0.4425204432948055
3.6099999999999475 -0.4514657521613764
3.6199999999999473 -0.4603659148289514
3.629999999999947 -0.46922004128868045
3.639999999999947 -0.47802724613529607
3.6499999999999466 -0.48678664865565285
3.6599999999999464 -0.49549737291679824
3.669999999999946 -0.5041585478535651
3.679999999999946 -0.5127693073556773
3.6899999999999458 -0.5213287903543603
3.6999999999999456 -0.529836140908447
3.7099999999999453 -0.5382905082899716
3.719999999999945 -0.5466910470692411
3.729999999999945 -0.555036917199378
3.7399999999999447 -0.5633272841003242
3.7499999999999445 -0.5715613187422982
3.7599999999999443 -0.5797381977286975
3.769999999999944 -0.5878571033784376
3.779999999999944 -0.5959172238077189
3.7899999999999436 -0.6039177530112156
3.7999999999999434 -0.6118578909426743
3.809999999999943 -0.6197368435949187
3.819999999999943 -0.6275538230792491
3.829999999999943 -0.6353080477042314
3.8399999999999426 -0.6429987420538649
3.8499999999999424 -0.6506251370651235
3.859999999999942 -0.6581864701048614
3.869999999999942 -0.6656819850460758
3.8799999999999417 -0.6731109323435186
3.8899999999999415 -0.6804725691086511
3.8999999999999413 -0.6877661591839312
3.909999999999941 -0.6949909732164296
3.919999999999941 -0.7021462887307633
3.9299999999999407 -0.7092313902013442
3.9399999999999404 -0.716245569123929
3.9499999999999402 -0.7231881240864707
3.95999999999994 -0.7300583608392586
3.96999999999994 -0.7368555923643425
3.9799999999999396 -0.7435791389442342
3.9899999999999394 -0.7502283282298787
3.999999999999939 -0.7568024953078885
4.009999999999939 -0.7633009827670344
4.019999999999939 -0.7697231407639853
4.029999999999939 -0.7760683270882937
4.039999999999939 -0.7823359072266146
4.0499999999999385 -0.7885252544261573
4.059999999999938 -0.7946357497573596
4.069999999999938 -0.8006667821757805
4.079999999999938 -0.8066177485832038
4.089999999999938 -0.812488053887948
4.0999999999999375 -0.8182771110643745
4.109999999999937 -0.82398434121159
4.119999999999937 -0.8296091736113357
4.129999999999937 -0.8351510457850588
4.139999999999937 -0.8406094035501603
4.149999999999936 -0.8459837010754124
4.159999999999936 -0.8512734009355409
4.169999999999936 -0.8564779741649681
4.179999999999936 -0.861596900310708
4.1899999999999356 -0.866629667484412
4.199999999999935 -0.8715757724135563
4.209999999999935 -0.8764347204917702
4.219999999999935 -0.8812060258282947
4.229999999999935 -0.8858892112965722
4.2399999999999345 -0.8904838085819586
4.249999999999934 -0.8949893582285542
4.259999999999934 -0.8994054096851489
4.269999999999934 -0.9037315213502772
4.279999999999934 -0.9079672606163774
4.289999999999933 -0.912112203913053
4.299999999999933 -0.9161659367494283
4.309999999999933 -0.9201280537555976
4.319999999999933 -0.9239981587231622
4.329999999999933 -0.9277758646448503
4.339999999999932 -0.931460793753218
4.349999999999932 -0.9350525775584251
4.359999999999932 -0.9385508568850842
4.369999999999932 -0.941955281908178
4.3799999999999315 -0.945265512188041
4.389999999999931 -0.948481216704404
4.399999999999931 -0.9516020738894948
4.409999999999931 -0.9546277716601957
4.419999999999931 -0.9575580074492512
4.42999999999993 -0.960392488235524
4.43999999999993 -0.9631309305732978
4.44999999999993 -0.9657730606206206
4.45999999999993 -0.9683186141666896
4.46999999999993 -0.9707673366582714
4.479999999999929 -0.9731189832251574
4.489999999999929 -0.9753733187046508
4.499999999999929 -0.9775301176650821
4.509999999999929 -0.9795891644283525
4.5199999999999285 -0.9815502530915018
4.529999999999928 -0.9834131875472977
4.539999999999928 -0.9851777815038472
4.549999999999928 -0.9868438585032249
4.559999999999928 -0.9884112519391195
4.5699999999999275 -0.9898798050734936
4.579999999999927 -0.9912493710522573
4.589999999999927 -0.9925198129199543
4.599999999999927 -0.9936910036334562
4.609999999999927 -0.994762826074668
4.619999999999926 -0.9957351730622386
4.629999999999926 -0.9966079473622794
4.639999999999926 -0.9973810616980879
4.649999999999926 -0.9980544387588748
4.6599999999999255 -0.9986280112074949
4.669999999999925 -0.9991017216871816
4.679999999999925 -0.9994755228272816
4.689999999999925 -0.9997493772479923
4.699999999999925 -0.9999232575640999
4.7099999999999245 -0.9999971463877178
4.719999999999924 -0.999971036330025
4.729999999999924 -0.9998449300020057
4.739999999999924 -0.9996188400141875
4.749999999999924 -0.9992927889753808
4.759999999999923 -0.9988668094904178
4.769999999999923 -0.998340944156892
4.779999999999923 -0.9977152455608985
4.789999999999923 -0.9969897762717755
4.7999999999999226 -0.9961646088358475
4.809999999999922 -0.9952398257691701
4.819999999999922 -0.9942155195492798
4.829999999999922 -0.9930917926059446
4.839999999999922 -0.9918687573109225
4.8499999999999215 -0.9905465359667239
4.859999999999921 -0.9891252607943815
4.869999999999921 -0.9876050739202277
4.879999999999921 -0.9859861273616835
4.889999999999921 -0.9842685830120554
4.89999999999992 -0.9824526126243474
4.90999999999992 -0.9805383977940846
4.91999999999992 -0.978526129941155
4.92999999999992 -0.976416010290667
4.93999999999992 -0.9742082498528273
4.949999999999919 -0.9719030694018398
4.959999999999919 -0.9695006994538287
4.969999999999919 -0.9670013802437867
4.979999999999919 -0.9644053617015521
4.9899999999999185 -0.9617129034268158
4.999999999999918 -0.9589242746631617
5.009999999999918 -0.9560397542711421
5.019999999999918 -0.9530596307003925
5.029999999999918 -0.9499842019607866
5.039999999999917 -0.9468137755926355
5.049999999999917 -0.943548668635934
5.059999999999917 -0.9401892075986568
5.069999999999917 -0.9367357284241081
5.079999999999917 -0.9331885764573277
5.089999999999916 -0.929548106410556
5.099999999999916 -0.925814682327764
5.109999999999916 -0.921988677548249
5.119999999999916 -0.9180704746693005
5.1299999999999155 -0.9140604655079412
5.139999999999915 -0.9099590510617457
5.149999999999915 -0.9057666414687406
5.159999999999915 -0.9014836559663917
5.169999999999915 -0.8971105228496801
5.1799999999999145 -0.892647679428273
5.189999999999914 -0.8880955719827939
5.199999999999914 -0.8834546557201935
5.209999999999914 -0.878725394728231
5.219999999999914 -0.8739082619290642
5.229999999999913 -0.8690037390319592
5.239999999999913 -0.8640123164851182
5.249999999999913 -0.8589344934266366
5.259999999999913 -0.8537707776345888
5.2699999999999125 -0.8485216854762506
5.279999999999912 -0.843187741856464
5.289999999999912 -0.8377694801651457
5.299999999999912 -0.83226744222395
5.309999999999912 -0.8266821782320857
5.3199999999999115 -0.8210142467112977
5.329999999999911 -0.8152642144500148
5.339999999999911 -0.8094326564466716
5.349999999999911 -0.8035201558522087
5.359999999999911 -0.7975273039117584
5.36999999999991 -0.7914546999055209
5.37999999999991 -0.7853029510888361
5.38999999999991 -0.7790726726314594
5.39999999999991 -0.7727644875560447
5.4099999999999095 -0.7663790266758426
5.419999999999909 -0.75991692853162
5.429999999999909 -0.7533788393278061
5.439999999999909 -0.7467654128678731
5.449999999999909 -0.7400773104889559
5.4599999999999085 -0.7333152009957187
5.469999999999908 -0.726479760593476
5.479999999999908 -0.7195716728205717
5.489999999999908 -0.7125916284800263
5.499999999999908 -0.7055403255704573
5.509999999999907 -0.6984184692162797
5.519999999999907 -0.6912267715971938
5.529999999999907 -0.6839659518769686
5.539999999999907 -0.6766367361315255
5.549999999999907 -0.6692398572763313
5.559999999999906 -0.6617760549931075
5.569999999999906 -0.6542460756558626
5.579999999999906 -0.6466506722562553
5.589999999999906 -0.6389906043282961
5.5999999999999055 -0.6312666378723946
5.609999999999905 -0.6234795452787596
5.619999999999905 -0.6156301052501613
5.629999999999905 -0.6077191027240613
5.639999999999905 -0.5997473287941198
5.649999999999904 -0.5917155806310866
5.659999999999904 -0.5836246614030851
5.669999999999904 -0.5754753801952955
5.679999999999904 -0.5672685519290477
5.689999999999904 -0.559004997280329
5.699999999999903 -0.5506855425977184
5.709999999999903 -0.542311019819751
5.719999999999903 -0.5338822663917261
5.729999999999903 -0.5254001251819623
5.7399999999999025 -0.5168654443975124
5.749999999999902 -0.5082790774993424
5.759999999999902 -0.4996418831169871
5.769999999999902 -0.49095472496268683
5.779999999999902 -0.4822184717450179
5.7899999999999014 -0.4734339970820219
5.799999999999901 -0.4646021794138447
5.809999999999901 -0.45572390191489326
5.819999999999901 -0.446800052405519
5.829999999999901 -0.4378315232632364
5.8399999999999 -0.4288192113334858
5.8499999999999 -0.41976401783995
5.8599999999999 -0.41066684829443234
5.8699999999999 -0.40152861240630655
5.8799999999998995 -0.3923502239915462
5.889999999999899 -0.38313260088134404
5.899999999999899 -0.37387666483032994
5.909999999999899 -0.36458334142439563
5.919999999999899 -0.3552535599881373
5.9299999999998985 -0.3458882534919238
5.939999999999898 -0.3364883584586004
5.949999999999898 -0.3270548148698372
5.959999999999898 -0.3175885660721317
5.969999999999898 -0.3080905586824753
5.979999999999897 -0.29856174249369194
5.989999999999897 -0.28900307037945977
5.999999999999897 -0.2794154981990248
6.009999999999897 -0.26979998470161537
6.0199999999998965 -0.2601574914305684
6.029999999999896 -0.2504889826271755
6.039999999999896 -0.24079542513426005
6.049999999999896 -0.23107778829949333
6.059999999999896 -0.22133704387846087
6.0699999999998955 -0.21157416593748749
6.079999999999895 -0.20179013075623153
6.089999999999895 -0.19198591673005788
6.099999999999895 -0.18216250427219893
6.109999999999895 -0.17232087571571436
6.119999999999894 -0.16246201521525847
6.129999999999894 -0.15258690864866561
6.139999999999894 -0.1426965435183632
6.149999999999894 -0.13279190885262238
6.159999999999894 -0.12287399510665582
6.169999999999893 -0.11294379406357326
6.179999999999893 -0.10300229873520386
6.189999999999893 -0.0930505032627959
6.199999999999893 -0.0830894028176035
6.2099999999998925 -0.07311999350137027
6.219999999999892 -0.06314327224672003
6.229999999999892 -0.05316023671746433
6.239999999999892 -0.04317188520883694
6.249999999999892 -0.03317921654766511
6.259999999999891 -0.02318322999248778
6.269999999999891 -0.013184925133630489
6.279999999999891 -0.003185301793247236
6.289999999999891 0.006814640074660932
6.299999999999891 0.01681390048424048
6.30999999999989 0.026811479517783145
6.31999999999989 0.03680637742571685
6.32999999999989 0.04679759472657987
6.33999999999989 0.0567841323069681
6.3499999999998895 0.06676499152144558
6.359999999999889 0.07673917429240822
6.369999999999889 0.08670568320989072
6.379999999999889 0.09666352163130673
6.389999999999889 0.10661169378111228
6.3999999999998884 0.11654920485038249
6.409999999999888 0.1264750610962917
6.419999999999888 0.13638826994148678
6.429999999999888 0.14628784007334425
6.439999999999888 0.1561727815431005
6.449999999999887 0.166042105864846
6.459999999999887 0.17589482611437296
6.469999999999887 0.18572995702786704
6.479999999999887 0.19554651510043278
6.4899999999998865 0.20534351868444334
6.499999999999886 0.2151199880877045
6.509999999999886 0.22487494567142294
6.519999999999886 0.2346074159479694
6.529999999999886 0.24431642567842662
6.5399999999998855 0.2540010039699123
6.549999999999885 0.26366018237266786
6.559999999999885 0.2732929949769022
6.569999999999885 0.2828984785093822
6.579999999999885 0.2924756724297593
6.589999999999884 0.3020236190266223
6.599999999999884 0.3115413635132681
6.609999999999884 0.3210279541231796
6.619999999999884 0.3304824422052011
6.6299999999998835 0.33990388231840324
6.639999999999883 0.34929133232662585
6.649999999999883 0.35864385349269096
6.659999999999883 0.36796051057227563
6.669999999999883 0.3772403719074358
6.6799999999998825 0.3864825095197712
6.689999999999882 0.3956859992032223
6.699999999999882 0.40484992061649033
6.709999999999882 0.41397335737507046
6.719999999999882 0.4230553971428898
6.729999999999881 0.4320951317235398
6.739999999999881 0.44109165715109555
6.749999999999881 0.4500440737805113
6.759999999999881 0.45895148637758454
6.769999999999881 0.4678130042084783
6.77999999999988 0.4766277411287941
6.78999999999988 0.48539481567218545
6.79999999999988 0.4941133511385039
6.80999999999988 0.5027824756814683
6.8199999999998795 0.5114013223958486
6.829999999999879 0.5199690294041556
6.839999999999879 0.5284847399428282
6.849999999999879 0.5369476024479091
6.859999999999879 0.5453567706402
6.869999999999878 0.5537114036098894
6.879999999999878 0.5620106659006424
6.889999999999878 0.570253727593146
6.899999999999878 0.5784397643881002
6.909999999999878 0.5865679576886471
6.919999999999877 0.59463749468223
6.929999999999877 0.6026475684218745
6.939999999999877 0.6105973779068813
6.949999999999877 0.6184861281629269
6.9599999999998765 0.6263130303215596
6.969999999999876 0.6340773016990859
6.979999999999876 0.6417781658748384
6.989999999999876 0.6494148527688167
 